# slot_id	avg_saliency_grad_norm  (ascending: least important first, main table only)
1487	0.00459090
1475	0.00459426
1427	0.00459455
1424	0.00459615
1474	0.00459674
1497	0.00459695
1499	0.00459736
1436	0.00459771
1486	0.00459780
1425	0.00459788
1485	0.00459846
1498	0.00459887
1472	0.00459943
1439	0.00459976
1509	0.00459995
1437	0.00460000
1484	0.00460016
1449	0.00460096
575	0.00460119
616	0.00460121
619	0.00460122
618	0.00460122
617	0.00460122
1496	0.00460122
574	0.00460122
1461	0.00460138
1473	0.00460154
1511	0.00460180
1426	0.00460201
1508	0.00460224
1438	0.00460234
1448	0.00460308
1450	0.00460468
1451	0.00460531
1510	0.00460536
1462	0.00460549
1460	0.00460560
1463	0.00460651
32901	0.00464757
32902	0.00464757
32903	0.00464757
32904	0.00464757
32905	0.00464757
32906	0.00464757
32907	0.00464757
32908	0.00464757
32909	0.00464757
32910	0.00464757
32911	0.00464757
32912	0.00464757
32913	0.00464757
32914	0.00464757
32915	0.00464757
32916	0.00464757
32917	0.00464757
32918	0.00464757
32919	0.00464757
32920	0.00464757
32921	0.00464757
32922	0.00464757
32923	0.00464757
32924	0.00464757
32925	0.00464757
836	0.00625161
724	0.00626009
395	0.00626035
390	0.00626047
363	0.00626048
340	0.00626056
387	0.00626068
1141	0.00626068
388	0.00626072
342	0.00626090
974	0.00626103
1296	0.00626107
1294	0.00626114
1155	0.00626115
365	0.00626117
369	0.00626117
393	0.00626121
1356	0.00626122
336	0.00626123
394	0.00626125
391	0.00626128
771	0.00626136
1127	0.00626143
386	0.00626148
383	0.00626151
355	0.00626152
775	0.00626154
367	0.00626157
737	0.00626165
382	0.00626174
1298	0.00626179
1354	0.00626181
357	0.00626189
381	0.00626192
330	0.00626195
970	0.00626195
972	0.00626199
344	0.00626204
966	0.00626212
402	0.00626221
392	0.00626234
361	0.00626235
1071	0.00626250
739	0.00626260
729	0.00626266
380	0.00626272
1140	0.00626369
287	0.00626382
420	0.00626448
274	0.00626468
290	0.00626483
584	0.00626526
303	0.00626534
816	0.00626539
334	0.00626556
594	0.00626580
399	0.00626599
583	0.00626603
419	0.00626617
400	0.00626620
384	0.00626631
869	0.00626642
1145	0.00626653
401	0.00626664
418	0.00626679
417	0.00626682
595	0.00626685
396	0.00626695
1070	0.00626697
385	0.00626703
398	0.00626717
769	0.00626717
778	0.00626736
427	0.00626764
328	0.00626786
777	0.00626787
378	0.00626791
277	0.00626810
397	0.00626810
379	0.00626816
779	0.00626818
260	0.00626832
264	0.00626841
226	0.00626847
413	0.00626866
273	0.00626869
414	0.00626873
1215	0.00626903
820	0.00626908
300	0.00626918
528	0.00626925
408	0.00626931
415	0.00626940
353	0.00626968
416	0.00626973
407	0.00626984
286	0.00626999
359	0.00626999
299	0.00627031
1404	0.00627078
246	0.00627079
802	0.00627105
1072	0.00627174
812	0.00627176
1398	0.00627210
1075	0.00627222
422	0.00627233
236	0.00627238
403	0.00627251
1216	0.00627251
421	0.00627262
405	0.00627263
411	0.00627278
406	0.00627289
956	0.00627298
539	0.00627305
412	0.00627307
1077	0.00627308
946	0.00627318
770	0.00627319
404	0.00627323
872	0.00627332
1219	0.00627347
423	0.00627351
943	0.00627352
903	0.00627355
438	0.00627358
1073	0.00627385
256	0.00627389
242	0.00627398
871	0.00627406
550	0.00627457
252	0.00627457
1218	0.00627482
1144	0.00627487
1029	0.00627493
950	0.00627497
1175	0.00627503
1217	0.00627519
1031	0.00627523
859	0.00627526
1021	0.00627551
1128	0.00627552
927	0.00627568
1402	0.00627571
1028	0.00627575
1131	0.00627577
1156	0.00627577
1033	0.00627581
1130	0.00627583
1400	0.00627588
562	0.00627588
649	0.00627594
929	0.00627594
1082	0.00627598
1214	0.00627600
1143	0.00627609
1254	0.00627611
1024	0.00627617
667	0.00627619
1026	0.00627622
596	0.00627622
855	0.00627638
222	0.00627647
457	0.00627653
890	0.00627661
867	0.00627663
863	0.00627665
1159	0.00627666
1142	0.00627669
1069	0.00627670
1251	0.00627671
954	0.00627673
1079	0.00627674
1092	0.00627676
962	0.00627676
931	0.00627676
1126	0.00627682
1255	0.00627684
670	0.00627689
240	0.00627690
958	0.00627691
1129	0.00627698
1023	0.00627702
1078	0.00627709
230	0.00627712
424	0.00627713
1034	0.00627713
1153	0.00627713
463	0.00627716
1227	0.00627716
959	0.00627717
1025	0.00627727
1174	0.00627728
948	0.00627732
1032	0.00627734
870	0.00627747
1035	0.00627754
207	0.00627754
19	0.00627756
1106	0.00627765
597	0.00627767
960	0.00627768
880	0.00627770
892	0.00627773
925	0.00627774
1139	0.00627782
1125	0.00627786
209	0.00627789
410	0.00627790
440	0.00627791
923	0.00627798
857	0.00627799
232	0.00627799
254	0.00627801
1080	0.00627802
55	0.00627803
1205	0.00627804
244	0.00627810
482	0.00627813
1157	0.00627818
51	0.00627820
983	0.00627820
5	0.00627821
905	0.00627821
15	0.00627835
1154	0.00627841
430	0.00627841
7	0.00627846
1076	0.00627847
426	0.00627849
488	0.00627854
250	0.00627860
218	0.00627861
442	0.00627864
1228	0.00627864
876	0.00627871
561	0.00627876
1179	0.00627876
1388	0.00627877
852	0.00627878
1204	0.00627880
605	0.00627881
884	0.00627882
921	0.00627884
436	0.00627885
467	0.00627885
873	0.00627887
1022	0.00627889
425	0.00627889
1030	0.00627889
11	0.00627892
469	0.00627895
465	0.00627895
1093	0.00627896
1074	0.00627896
1178	0.00627898
851	0.00627899
886	0.00627901
409	0.00627902
1	0.00627905
1394	0.00627907
888	0.00627911
878	0.00627925
1158	0.00627927
1091	0.00627929
1230	0.00627930
882	0.00627935
1081	0.00627935
1396	0.00627935
1027	0.00627937
1037	0.00627942
874	0.00627952
1413	0.00627957
964	0.00627958
9	0.00627959
1229	0.00627959
444	0.00627961
29	0.00627964
455	0.00627969
1207	0.00627970
3	0.00627973
1299	0.00627974
1180	0.00627978
1107	0.00627989
606	0.00627993
1105	0.00627994
1177	0.00627996
853	0.00628003
1295	0.00628005
519	0.00628009
27	0.00628015
220	0.00628016
1376	0.00628016
461	0.00628019
1231	0.00628024
1206	0.00628025
669	0.00628026
234	0.00628026
199	0.00628027
1017	0.00628030
1095	0.00628039
494	0.00628040
31	0.00628040
1176	0.00628040
693	0.00628048
1392	0.00628051
33	0.00628051
1226	0.00628052
1036	0.00628055
665	0.00628057
1378	0.00628062
677	0.00628070
1016	0.00628075
428	0.00628082
486	0.00628083
23	0.00628085
865	0.00628086
1202	0.00628087
1252	0.00628091
480	0.00628096
1297	0.00628096
453	0.00628098
818	0.00628100
434	0.00628101
1181	0.00628108
492	0.00628113
224	0.00628115
1203	0.00628120
459	0.00628123
505	0.00628132
490	0.00628136
478	0.00628137
205	0.00628137
1253	0.00628137
511	0.00628140
563	0.00628144
35	0.00628145
952	0.00628148
981	0.00628148
513	0.00628150
484	0.00628155
507	0.00628157
503	0.00628166
432	0.00628167
1355	0.00628180
692	0.00628181
825	0.00628182
552	0.00628187
1109	0.00628190
673	0.00628192
530	0.00628200
541	0.00628201
509	0.00628204
990	0.00628205
1104	0.00628209
517	0.00628210
995	0.00628211
515	0.00628216
980	0.00628217
807	0.00628226
797	0.00628227
985	0.00628227
823	0.00628228
986	0.00628228
551	0.00628234
994	0.00628238
827	0.00628240
987	0.00628243
1262	0.00628250
301	0.00628251
917	0.00628257
1250	0.00628258
671	0.00628262
805	0.00628263
993	0.00628272
302	0.00628273
529	0.00628274
203	0.00628277
984	0.00628278
276	0.00628281
803	0.00628281
809	0.00628284
263	0.00628285
13	0.00628289
821	0.00628290
289	0.00628291
275	0.00628296
201	0.00628300
586	0.00628300
650	0.00628301
1090	0.00628302
585	0.00628304
651	0.00628305
652	0.00628306
641	0.00628309
640	0.00628309
627	0.00628309
630	0.00628309
629	0.00628309
799	0.00628309
332	0.00628309
338	0.00628309
639	0.00628309
628	0.00628309
638	0.00628310
262	0.00628310
288	0.00628315
540	0.00628334
845	0.00628342
864	0.00628342
866	0.00628356
1110	0.00628375
868	0.00628384
542	0.00628418
564	0.00628425
607	0.00628430
553	0.00628436
795	0.00628437
1094	0.00628440
531	0.00628469
919	0.00628487
772	0.00628499
915	0.00628506
1108	0.00628529
261	0.00628536
847	0.00628607
814	0.00628619
1263	0.00628661
608	0.00628706
968	0.00628780
389	0.00628818
1044	0.00629403
32880	0.00737681
32879	0.00737768
32878	0.00737924
32877	0.00738106
32876	0.00738349
32875	0.00738703
32874	0.00739261
32873	0.00740017
32872	0.00741215
32871	0.00743057
32870	0.00745952
32869	0.00751056
32868	0.00759732
32867	0.00775501
32866	0.00805807
32865	0.00866537
497	0.00889244
447	0.00910444
448	0.00912515
470	0.00932305
445	0.00955291
456	0.00958709
471	0.00959430
443	0.00978539
479	0.00981906
468	0.00989208
489	0.00991894
487	0.00994478
32864	0.00995881
446	0.01002246
495	0.01014840
500	0.01015896
449	0.01021867
441	0.01022848
498	0.01023149
532	0.01025532
476	0.01037050
473	0.01039401
534	0.01049519
636	0.01053393
1244	0.01063855
458	0.01067657
475	0.01069048
504	0.01076256
1456	0.01078413
1457	0.01080708
1246	0.01082552
221	0.01083063
502	0.01084149
496	0.01085966
1440	0.01092169
439	0.01097469
454	0.01097737
477	0.01119107
466	0.01137489
635	0.01141408
474	0.01146089
546	0.01148315
1132	0.01149398
1432	0.01153698
472	0.01155640
104	0.01156365
554	0.01161870
1213	0.01166425
501	0.01167271
32860	0.01168365
535	0.01171768
1291	0.01172668
32859	0.01180585
1435	0.01181232
1446	0.01182171
1199	0.01185656
481	0.01186040
1434	0.01192741
32858	0.01193637
233	0.01206771
32857	0.01207172
1290	0.01213082
1134	0.01215902
227	0.01217192
1124	0.01218681
32856	0.01222156
1458	0.01223998
625	0.01224281
1465	0.01227664
464	0.01230276
499	0.01232521
643	0.01239301
32855	0.01239395
483	0.01243261
533	0.01244629
1455	0.01245707
1211	0.01246604
1464	0.01252021
545	0.01253742
1292	0.01254298
543	0.01254774
1148	0.01258194
32854	0.01258974
451	0.01263180
223	0.01263182
190	0.01269331
1466	0.01269808
510	0.01270822
462	0.01271379
241	0.01274079
452	0.01278482
32853	0.01281087
642	0.01281656
1441	0.01285242
544	0.01286957
1319	0.01287135
485	0.01288678
231	0.01289494
32863	0.01295807
1433	0.01298859
1133	0.01300087
100	0.01302365
644	0.01303175
81	0.01304124
32852	0.01307062
1257	0.01309277
1135	0.01313134
189	0.01316420
188	0.01319555
1200	0.01324597
856	0.01324942
637	0.01325689
1136	0.01329225
1270	0.01330026
1318	0.01332466
1467	0.01332969
32851	0.01336858
437	0.01339491
187	0.01348091
624	0.01358391
1459	0.01362388
460	0.01366093
491	0.01372574
32850	0.01372849
1310	0.01375211
1454	0.01375230
450	0.01377050
1269	0.01377604
493	0.01379832
1331	0.01381846
66	0.01382098
1249	0.01383584
186	0.01385099
634	0.01386218
1416	0.01386282
1430	0.01388610
257	0.01388955
1256	0.01393153
1309	0.01394216
1122	0.01394677
1245	0.01395054
1248	0.01397352
1247	0.01400142
646	0.01404166
1198	0.01412130
659	0.01414288
32849	0.01416100
754	0.01421791
647	0.01425892
225	0.01428461
648	0.01432249
315	0.01434993
1330	0.01437529
1293	0.01442020
656	0.01442339
1149	0.01444923
251	0.01452245
185	0.01453396
1147	0.01456661
360	0.01464987
32848	0.01467651
235	0.01469050
1197	0.01473554
1443	0.01474231
755	0.01477123
1417	0.01477690
1289	0.01477933
191	0.01478071
1445	0.01481558
237	0.01483750
620	0.01494184
98	0.01497297
718	0.01497470
1431	0.01501621
339	0.01502686
758	0.01503382
1208	0.01504262
645	0.01504815
181	0.01514425
1320	0.01515325
337	0.01515465
1212	0.01518377
184	0.01520144
253	0.01525148
102	0.01525694
183	0.01527615
32847	0.01528854
1468	0.01533424
1447	0.01534249
17	0.01537909
633	0.01537925
1267	0.01541412
1307	0.01561921
1152	0.01563049
711	0.01564917
247	0.01566927
506	0.01567739
1123	0.01574340
508	0.01576925
358	0.01578550
860	0.01584156
1146	0.01584238
295	0.01589322
1196	0.01589780
1258	0.01592678
1259	0.01600127
1209	0.01600408
750	0.01602431
512	0.01603127
32846	0.01606280
1372	0.01607356
255	0.01613535
1138	0.01616344
52	0.01616394
1453	0.01628216
626	0.01639492
296	0.01643085
272	0.01643270
1237	0.01644665
538	0.01646792
622	0.01648914
1271	0.01650093
1429	0.01651713
192	0.01653343
746	0.01654568
271	0.01658386
156	0.01664293
58	0.01664644
1428	0.01665281
705	0.01666541
316	0.01667403
243	0.01683897
313	0.01685664
1308	0.01693596
560	0.01696046
364	0.01698386
32845	0.01704084
80	0.01713556
433	0.01714135
335	0.01717619
1370	0.01719260
341	0.01722822
900	0.01723983
1368	0.01724892
1488	0.01727360
1151	0.01728554
1121	0.01728739
1415	0.01734512
45	0.01734654
1332	0.01741113
320	0.01741179
760	0.01741305
710	0.01744746
623	0.01750500
1150	0.01752799
1442	0.01755934
12	0.01756865
269	0.01760931
1311	0.01761507
1489	0.01761756
319	0.01770522
631	0.01771515
621	0.01777701
1236	0.01778759
1266	0.01782512
1374	0.01784343
1189	0.01789248
706	0.01789401
1268	0.01790827
1235	0.01790959
1444	0.01791172
1386	0.01791349
843	0.01791698
435	0.01791999
1345	0.01793916
982	0.01794677
756	0.01796638
278	0.01796953
314	0.01797140
368	0.01807231
581	0.01811042
431	0.01815366
333	0.01819900
362	0.01824959
808	0.01825242
547	0.01826098
32844	0.01832289
632	0.01833232
655	0.01835886
1210	0.01841621
1137	0.01842914
979	0.01845133
1483	0.01849327
1452	0.01850295
1201	0.01854363
348	0.01854394
282	0.01859275
291	0.01869904
1288	0.01870044
759	0.01870538
297	0.01875720
899	0.01876358
989	0.01878412
96	0.01881305
245	0.01882705
1382	0.01882951
1408	0.01888302
376	0.01892969
86	0.01896686
59	0.01902439
1238	0.01906404
1322	0.01909274
1186	0.01909813
588	0.01910005
1055	0.01910419
6	0.01911029
537	0.01911683
318	0.01914526
329	0.01914562
1490	0.01915923
268	0.01917308
356	0.01921129
1410	0.01921732
1187	0.01924316
56	0.01930296
349	0.01931412
1366	0.01932036
604	0.01932138
1346	0.01939955
658	0.01945099
615	0.01945294
180	0.01945790
1495	0.01952940
293	0.01956207
30	0.01957597
94	0.01960429
707	0.01964713
1261	0.01968943
1188	0.01971328
44	0.01972377
182	0.01972400
559	0.01976909
712	0.01978342
614	0.01980211
1358	0.01983419
1423	0.01987627
370	0.01993529
294	0.01994117
589	0.01994604
285	0.01996036
523	0.01996077
536	0.01996458
377	0.01999584
548	0.02000758
32843	0.02006364
1492	0.02007035
1321	0.02008010
84	0.02009721
2	0.02019446
522	0.02026708
280	0.02030030
1493	0.02037712
25	0.02038294
549	0.02041000
259	0.02046702
1306	0.02049258
1504	0.02054721
1323	0.02055516
1342	0.02058609
558	0.02063215
354	0.02066163
331	0.02066774
1360	0.02070367
1260	0.02072966
609	0.02074058
158	0.02079193
317	0.02080968
570	0.02083866
709	0.02084594
366	0.02097272
592	0.02097607
991	0.02103012
164	0.02106026
653	0.02107571
1099	0.02107828
587	0.02111264
1343	0.02111631
1479	0.02114179
1240	0.02115661
54	0.02119924
565	0.02120971
1234	0.02123204
32862	0.02125375
281	0.02126339
613	0.02129305
1333	0.02129592
292	0.02134560
566	0.02136544
1096	0.02137386
603	0.02137959
1421	0.02138769
569	0.02141294
591	0.02145739
18	0.02146900
429	0.02147320
571	0.02160128
743	0.02162104
1480	0.02166490
371	0.02167206
1334	0.02168533
248	0.02171025
611	0.02173450
848	0.02173907
1233	0.02174065
1491	0.02175818
219	0.02176831
580	0.02178976
810	0.02180498
239	0.02182378
343	0.02188707
372	0.02193309
70	0.02210243
957	0.02214805
1241	0.02220727
1406	0.02221210
806	0.02221898
723	0.02229145
60	0.02234402
521	0.02236945
1344	0.02237284
801	0.02238124
858	0.02238844
610	0.02239849
967	0.02241051
71	0.02244403
811	0.02248448
32842	0.02256468
1239	0.02261650
270	0.02263616
1494	0.02264234
977	0.02264407
514	0.02267856
582	0.02269488
969	0.02270047
600	0.02272330
28	0.02272871
1507	0.02273931
702	0.02274870
757	0.02278323
1097	0.02283434
1232	0.02286603
1335	0.02287045
568	0.02288490
700	0.02289018
307	0.02290732
657	0.02290747
1242	0.02292545
1506	0.02292830
284	0.02298533
298	0.02299351
1100	0.02303882
266	0.02308662
69	0.02312387
283	0.02318609
36	0.02319727
1418	0.02323067
1273	0.02323989
1502	0.02325071
716	0.02327543
1364	0.02330364
704	0.02339330
345	0.02340593
601	0.02349002
599	0.02353563
736	0.02353704
312	0.02356965
556	0.02358300
1347	0.02361270
567	0.02362176
1224	0.02362363
703	0.02365228
1362	0.02366782
1118	0.02366971
1119	0.02370487
211	0.02385149
897	0.02386870
90	0.02403700
875	0.02414607
555	0.02420052
973	0.02420183
1057	0.02420955
375	0.02423018
988	0.02428102
893	0.02431399
708	0.02433082
824	0.02441958
92	0.02445721
1223	0.02448919
726	0.02453086
1272	0.02454700
50	0.02458515
265	0.02459155
1503	0.02460019
1185	0.02462539
798	0.02468540
1098	0.02468793
971	0.02470454
1056	0.02470879
879	0.02471539
16	0.02475487
696	0.02477865
279	0.02478348
525	0.02481639
1384	0.02492872
524	0.02499435
267	0.02502466
1054	0.02508886
1243	0.02511235
161	0.02511574
841	0.02512040
751	0.02513193
352	0.02515802
347	0.02525620
699	0.02527066
1500	0.02528917
834	0.02537184
728	0.02541295
598	0.02541406
612	0.02542208
955	0.02548890
520	0.02555958
1101	0.02563385
1221	0.02565371
1477	0.02567160
21	0.02574947
1512	0.02576369
527	0.02578936
308	0.02580472
579	0.02590730
1103	0.02591133
304	0.02602414
1048	0.02613036
738	0.02634604
1478	0.02641765
822	0.02644530
1501	0.02648342
918	0.02653089
698	0.02655400
79	0.02657664
891	0.02658478
57	0.02660890
961	0.02664739
64	0.02665447
924	0.02671482
8	0.02672413
745	0.02680395
1505	0.02684273
32841	0.02688328
762	0.02692291
819	0.02693032
350	0.02695119
1481	0.02700935
238	0.02704937
311	0.02705125
749	0.02713025
249	0.02717577
1220	0.02721562
1183	0.02732308
742	0.02734076
557	0.02735314
1102	0.02744613
373	0.02744746
1476	0.02753664
602	0.02754644
714	0.02759162
883	0.02775593
1160	0.02775821
1060	0.02784876
922	0.02788659
1047	0.02795742
975	0.02811167
695	0.02816185
91	0.02819719
752	0.02844852
351	0.02849528
654	0.02854479
1357	0.02858402
83	0.02859605
346	0.02861899
518	0.02873570
1225	0.02874931
916	0.02875980
753	0.02877529
1422	0.02882713
78	0.02884604
934	0.02886124
804	0.02890431
228	0.02898385
229	0.02910378
725	0.02928484
1265	0.02938158
1513	0.02941124
162	0.02948345
815	0.02953041
53	0.02965988
914	0.02967389
748	0.02971836
34	0.02978866
1061	0.02984234
1380	0.02985253
258	0.02996832
578	0.03027748
1419	0.03032308
159	0.03032494
889	0.03048605
862	0.03060216
41	0.03073697
761	0.03085616
593	0.03087892
1414	0.03095025
210	0.03101277
62	0.03103064
526	0.03109741
1058	0.03113671
14	0.03128310
730	0.03128594
1264	0.03138467
87	0.03150074
817	0.03165790
942	0.03172529
732	0.03174071
1053	0.03177182
163	0.03177506
928	0.03179620
577	0.03186301
846	0.03206813
1482	0.03211317
1516	0.03215474
1046	0.03227551
374	0.03230880
1120	0.03237043
747	0.03245989
800	0.03258915
1222	0.03262659
887	0.03262992
947	0.03263263
1515	0.03264225
697	0.03278016
911	0.03284260
963	0.03309633
1162	0.03345474
944	0.03353259
516	0.03359430
196	0.03391584
1059	0.03396268
1063	0.03398452
82	0.03400975
965	0.03417251
22	0.03425718
1184	0.03430044
38	0.03433217
1062	0.03444525
828	0.03450237
4	0.03452102
719	0.03467089
1052	0.03469182
1514	0.03489657
951	0.03509547
1051	0.03520870
37	0.03523456
1064	0.03523969
881	0.03526795
198	0.03529620
933	0.03534732
20	0.03537912
576	0.03551677
744	0.03560092
826	0.03579334
61	0.03591946
776	0.03597576
796	0.03617121
908	0.03622709
813	0.03624543
1066	0.03636577
854	0.03646578
731	0.03647587
32	0.03671346
200	0.03674548
43	0.03700266
208	0.03714679
63	0.03716629
764	0.03741838
1161	0.03761648
920	0.03783394
65	0.03810154
913	0.03845922
206	0.03857720
877	0.03906652
722	0.03912070
832	0.03923258
773	0.03928683
1390	0.03937243
306	0.03944915
735	0.03969569
949	0.03994067
310	0.04030605
904	0.04033063
1068	0.04043658
204	0.04070866
88	0.04083813
741	0.04105882
740	0.04116405
1166	0.04153171
713	0.04154684
160	0.04159642
945	0.04164521
1049	0.04173006
10	0.04181303
49	0.04197957
840	0.04210389
1050	0.04220618
733	0.04276350
46	0.04304664
910	0.04308163
694	0.04318302
763	0.04357246
1045	0.04400279
940	0.04409251
717	0.04420178
1470	0.04548584
1164	0.04657460
1471	0.04657850
831	0.04753882
930	0.04775949
48	0.04850736
202	0.04896727
932	0.04934172
1065	0.04957022
1182	0.04978003
953	0.05015297
590	0.05103055
885	0.05116417
42	0.05135245
734	0.05209980
1163	0.05263327
75	0.05311002
305	0.05315203
40	0.05331573
33298	0.05334749
33299	0.05334812
33297	0.05336208
33296	0.05336932
33295	0.05338957
33294	0.05340278
33293	0.05341681
33292	0.05343665
33291	0.05345653
33290	0.05347422
33289	0.05349378
33288	0.05351906
33287	0.05354277
33286	0.05356956
33285	0.05359675
33284	0.05362260
33283	0.05365468
33282	0.05368769
33281	0.05373071
33280	0.05376620
33279	0.05381161
33278	0.05385878
33277	0.05391913
727	0.05392804
33276	0.05397589
33275	0.05403519
33274	0.05410495
33273	0.05418425
33272	0.05426724
33271	0.05435238
33270	0.05445782
32861	0.05455997
33269	0.05456243
33268	0.05469483
309	0.05470491
861	0.05482852
33267	0.05483095
33266	0.05498921
33265	0.05516226
1469	0.05534687
33264	0.05536126
907	0.05540241
33263	0.05558230
33262	0.05583666
33261	0.05611453
33260	0.05645279
1165	0.05658480
33259	0.05683719
77	0.05704232
895	0.05704799
1518	0.05708031
33258	0.05728588
33257	0.05780987
194	0.05844016
33256	0.05844167
167	0.05890676
33255	0.05920004
24	0.05947866
33254	0.06013148
1067	0.06045708
33253	0.06131026
774	0.06136406
33252	0.06282155
1420	0.06480262
33251	0.06488738
938	0.06541950
926	0.06676394
33250	0.06814971
74	0.06997805
906	0.07221732
73	0.07298322
72	0.07662920
85	0.07741012
33449	0.07795098
33442	0.07795189
33437	0.07795491
33448	0.07795788
33434	0.07795811
33444	0.07795847
33441	0.07795924
33438	0.07795977
33440	0.07796008
33445	0.07796211
33443	0.07796261
33436	0.07796416
33435	0.07796434
33446	0.07796501
33431	0.07796529
33447	0.07796571
33425	0.07796577
33433	0.07796646
33430	0.07796820
33432	0.07796858
33429	0.07796869
33428	0.07796926
33439	0.07796994
33423	0.07797018
33426	0.07797323
33427	0.07797571
33424	0.07797642
33422	0.07797765
33420	0.07799780
33421	0.07800051
33419	0.07801135
33418	0.07802506
33417	0.07803841
33416	0.07805064
33415	0.07807701
33414	0.07809552
33413	0.07813538
33412	0.07818836
33411	0.07823481
33410	0.07829735
33409	0.07838482
33408	0.07850428
33407	0.07864320
33406	0.07882914
33405	0.07905516
33404	0.07934366
33403	0.07971082
33402	0.08016763
902	0.08049395
33401	0.08069490
33400	0.08131994
936	0.08600391
837	0.08610821
33249	0.09391428
33248	0.09393366
33247	0.09396035
33246	0.09398315
33245	0.09402852
33244	0.09405175
33243	0.09408686
33242	0.09413393
33241	0.09417134
33240	0.09420911
33239	0.09425908
33238	0.09430959
76	0.09433538
33237	0.09435209
33236	0.09440682
33235	0.09446961
33234	0.09452379
33233	0.09459235
33232	0.09466056
33231	0.09474945
33230	0.09481764
33229	0.09491252
33228	0.09501034
33227	0.09512335
33226	0.09522401
33225	0.09533828
33224	0.09548204
97	0.09554156
33223	0.09562706
33222	0.09578776
33221	0.09595458
93	0.09609696
33220	0.09614550
33219	0.09635537
33218	0.09659042
33217	0.09684519
33216	0.09713511
33215	0.09744212
33214	0.09780156
33213	0.09820665
33212	0.09865366
33211	0.09915806
101	0.09944354
33210	0.09974271
33209	0.10043078
33208	0.10121242
33207	0.10211522
39	0.10304236
33206	0.10321636
33205	0.10451997
67	0.10558994
33204	0.10612072
33203	0.10811759
33202	0.11069905
1517	0.11194461
33099	0.11210331
33091	0.11211115
33095	0.11211171
33094	0.11211329
33089	0.11211850
33082	0.11211966
33098	0.11212142
33088	0.11212215
33084	0.11212227
33090	0.11212280
33096	0.11212283
33097	0.11212325
33093	0.11212382
33092	0.11212760
33081	0.11212808
33083	0.11212877
33085	0.11212895
33080	0.11213132
33087	0.11213163
33079	0.11213190
33077	0.11213411
33086	0.11213557
33076	0.11213771
33074	0.11213920
33075	0.11214517
33078	0.11214896
33073	0.11215045
33071	0.11216522
33072	0.11217647
33070	0.11219224
33069	0.11220605
33068	0.11221040
33067	0.11222824
33066	0.11224642
33065	0.11226828
33064	0.11228995
33063	0.11233015
33062	0.11238638
33061	0.11243314
33060	0.11251180
33059	0.11260477
33058	0.11272398
33057	0.11289228
33056	0.11310355
33055	0.11343476
33054	0.11387435
33201	0.11417798
33053	0.11452609
33052	0.11558513
33051	0.11731787
33200	0.11963622
33050	0.12066786
68	0.17479596
33042	0.30778125
33049	0.30778740
33044	0.30779015
33046	0.30779111
33032	0.30779653
33047	0.30780379
33039	0.30780420
33048	0.30780444
33041	0.30780590
33034	0.30780636
33045	0.30780841
33040	0.30780887
33043	0.30780974
33035	0.30781646
33037	0.30781829
33038	0.30781850
33036	0.30782258
33031	0.30782584
33033	0.30782725
33027	0.30783693
33030	0.30784616
33028	0.30785612
33029	0.30785875
33025	0.30788308
33026	0.30788374
33024	0.30789410
33023	0.30790558
33022	0.30793606
33021	0.30796502
33020	0.30799089
33019	0.30801433
33018	0.30805326
33017	0.30808539
33016	0.30815122
33015	0.30823556
33014	0.30831262
33013	0.30840701
33012	0.30853312
33011	0.30866595
33010	0.30888825
33009	0.30916387
33008	0.30949408
33007	0.30989779
33006	0.31048250
33005	0.31128600
33004	0.31238209
33003	0.31397333
33002	0.31657264
33001	0.32067100
33000	0.32870644
