68
39
1517
67
902
76
305
85
24
832
1518
1067
38
75
40
34
63
309
907
33400
861
33401
77
33402
1065
854
48
774
33403
160
926
33404
33200
33405
1469
885
33406
33407
932
306
33408
33250
33201
33409
33410
33411
10
33412
906
33413
33414
33415
33416
33417
33418
33419
33420
33421
33202
33422
33423
33424
33425
33426
33428
33427
33430
33429
33434
33447
33440
33431
33435
33446
33433
33437
33448
33441
33439
33442
33445
33444
33432
33436
33438
33443
33449
33251
33203
64
1165
32
2054
167
717
33204
1422
14
33252
773
33205
87
62
22
33206
953
727
33253
33207
33208
33254
33209
837
33210
4
904
33211
49
1420
33255
33212
1068
1390
33213
33050
33214
744
33256
33215
1163
33216
741
33051
53
33217
33218
33257
310
33052
33219
33220
33053
33221
841
33222
33054
33223
33258
33055
33224
33056
33225
940
162
33057
33226
33058
33059
33227
33060
33061
33062
33228
33063
1164
33064
33067
33065
33069
33066
33068
33070
33080
33075
33071
33074
33072
33073
33089
33087
33097
33086
33091
33082
33079
33077
33085
33081
33090
33078
33092
33096
33076
33083
33094
33084
33098
33088
33095
33099
33093
33229
33259
33230
33231
33232
33233
33234
33235
33236
33237
33238
33239
33240
33260
33241
33242
33243
33244
33245
1182
33246
33247
33248
33249
694
33261
159
82
33262
713
748
1045
33263
33264
33265
33266
930
33267
33268
697
763
83
33269
776
33270
33271
1066
913
33272
33273
33274
33275
33276
33277
33278
33279
33280
1471
33281
33282
33283
936
33284
33285
654
33286
33287
33288
33289
33290
33291
33292
33293
33294
33295
33296
33297
33298
33299
834
88
734
41
161
579
163
1166
831
910
747
46
65
877
43
1264
908
846
1265
57
8
858
1357
1414
346
733
657
36
20
752
719
1062
1063
578
1470
695
796
374
1161
942
881
78
1418
61
42
862
920
911
593
373
840
696
202
762
164
745
1419
602
817
304
314
524
742
1049
60
965
1064
740
1421
372
601
576
79
590
582
698
28
312
977
764
86
963
37
1102
714
753
735
1184
598
375
731
1101
749
521
1481
516
1050
951
12
815
16
1053
1183
21
376
1046
97
848
1052
577
938
6
194
526
589
800
347
18
949
93
604
751
599
933
96
945
700
219
206
101
307
182
80
1160
351
1162
571
345
655
843
204
1476
291
889
30
591
922
703
704
91
279
84
1239
988
329
50
1505
1333
311
1380
92
891
56
1482
581
266
1423
265
1478
760
316
200
308
1243
592
914
944
1059
955
1103
518
1100
609
722
520
613
2061
588
292
600
317
208
1240
1335
1334
44
1210
1242
525
435
371
1058
1343
1120
813
975
1515
653
708
1222
90
1267
54
1061
1220
798
313
2056
895
1444
2
757
623
916
1209
897
759
52
352
69
1098
580
730
1514
961
343
658
1415
610
1347
293
295
228
331
716
1054
603
1060
431
1119
611
1118
320
1268
928
1223
211
918
319
59
743
756
615
819
258
356
1342
366
71
934
1057
94
198
527
368
210
158
1221
25
1241
699
991
570
350
285
707
979
370
183
17
612
1273
184
622
229
587
826
893
1384
238
887
804
828
1097
270
318
1479
879
1238
283
1417
253
333
377
1346
811
702
181
1047
1406
267
429
924
709
1477
712
191
801
1428
614
1051
298
281
732
1096
297
243
1345
364
725
362
875
358
341
1416
621
761
822
1431
192
354
249
989
824
98
156
1344
58
883
746
810
806
180
522
1245
947
1266
1516
185
718
514
659
808
1211
1443
647
349
45
1056
1430
1234
284
860
1512
1289
433
971
2058
196
706
982
187
1249
70
1048
656
969
360
348
255
259
957
567
1445
1429
280
1232
1233
1196
296
335
339
1225
1269
1247
1503
186
1323
967
1500
973
1494
237
648
337
1501
755
1288
710
239
738
245
190
1261
523
1185
72
1272
1212
1442
1146
282
1433
631
1197
1493
1468
102
33000
1208
1290
1099
1491
2055
278
189
1490
33001
268
235
736
705
556
1410
33002
646
1458
1292
294
315
1055
33003
1447
1480
758
248
33004
33005
750
1199
1123
74
557
33006
1224
33007
565
1321
33008
33009
33010
33012
33011
1200
1138
33013
1121
33014
33015
33016
33017
33018
33019
33022
33021
33020
33025
33024
33030
33023
33029
33026
33047
33044
33028
33039
33031
33037
100
33046
33036
33041
33038
33045
33035
33040
33049
33043
33033
33032
33027
33042
33034
33048
188
271
633
728
634
1137
1502
1306
1513
1465
1271
1213
642
1293
1452
1198
1382
1984
635
643
251
73
645
1236
227
1488
81
1237
272
726
1988
1370
555
1332
754
1489
1322
1483
569
247
1358
1248
620
1455
1454
711
1434
559
104
1459
2059
1260
549
269
1386
1466
1495
1374
1507
900
624
1235
1368
1441
1201
1147
637
1432
632
1457
1122
1311
225
644
558
548
1291
723
566
1446
568
1492
66
1364
1308
856
1467
1456
257
899
508
1504
1464
241
2060
536
1148
626
1440
231
1435
1152
1258
437
233
1453
1136
1506
1362
537
1408
538
1150
1124
1957
1270
2040
636
1133
1149
560
1135
1307
1244
1132
625
547
1330
1151
1360
1331
1366
1319
554
499
543
1187
544
1372
535
1320
1259
1186
1943
510
1246
493
221
485
2012
2057
1189
1974
1970
545
481
1309
1257
1942
1256
533
506
1310
223
1318
501
2026
1946
546
483
534
1820
1134
1817
1889
1188
491
1985
1956
2041
532
504
1816
1806
500
452
474
2013
1960
512
450
1998
451
1971
468
460
472
476
1987
495
496
441
454
439
1844
1775
1691
462
445
1774
1778
1708
479
1694
1872
1690
2027
1903
1973
487
1802
464
1888
1938
2044
489
1704
1992
1887
477
1945
1788
1803
2016
475
1789
449
443
1662
466
2030
470
1666
497
2014
1858
2042
1999
471
446
1959
1792
502
473
1848
2043
1592
1950
1978
1924
447
1676
1760
498
2028
1819
2045
1677
1718
458
32841
32842
32843
32844
32845
32846
32847
32848
32849
32850
32851
32852
32853
32854
32855
32856
32857
32858
32859
32860
1746
1910
2017
1917
456
448
1824
2000
1890
1680
1732
1846
1596
1830
1810
1805
2031
1705
1964
1876
2015
2029
1777
1606
2002
1901
1874
1886
1550
1902
1693
1849
1862
1791
1873
1620
1665
1707
1968
1936
1996
1845
1564
1663
1847
1761
1582
1593
1579
1568
2001
1937
1859
1578
1922
1698
1782
1764
1796
1860
1565
1648
1904
2003
1722
1750
1554
1877
1923
1954
1747
1931
1875
1712
1939
1915
1670
1909
1916
1828
1748
1679
1762
1861
1736
1863
1834
1719
1595
1891
1634
1600
2048
1900
1720
1908
1814
1982
1684
2020
1896
1551
1734
2034
1610
1765
1044
1895
1925
1763
1832
1733
1831
1581
1567
1723
1624
1608
1930
1649
1918
1751
1721
1607
1911
1749
1737
1905
1621
1735
1835
1553
1572
2046
2022
1652
1852
2032
1786
1929
1850
2050
1622
1650
2006
1586
1854
1935
1897
1558
1907
1833
1611
2036
1921
1914
2018
1625
1638
1882
1623
1880
1940
1653
1878
1894
1866
1609
1702
1932
1800
1864
1674
1768
1651
2004
1754
2008
1716
1770
1637
1636
1868
1726
1688
1926
1919
2053
1639
1838
1590
1912
1893
1728
1740
836
1614
1756
1635
1742
1724
1928
1738
1628
1604
2025
1836
1576
1656
1658
1616
1752
1840
2039
1898
1766
1630
2052
1612
1857
1933
1626
1070
1562
236
1219
605
226
2024
1396
2038
667
1215
983
1140
2011
923
921
246
929
1885
1218
1871
19
1398
1230
1644
1227
1143
1080
1175
1073
1642
1394
1773
2010
927
1856
426
1654
1217
423
1413
1731
205
1388
51
1032
1178
404
925
9
1214
1216
1759
55
1745
869
1231
1174
1033
1297
232
1204
1843
1144
3
403
1142
1139
562
222
1619
1870
1884
1179
1633
201
1661
288
865
1772
931
444
827
1229
606
809
1730
301
1077
1081
1758
1404
1072
436
1842
275
478
33
1255
905
1744
1647
1660
262
23
1632
1618
807
551
1035
421
1106
1646
453
1145
1226
469
276
332
338
585
586
627
628
629
630
638
639
640
641
650
651
652
799
1552
1555
1556
1557
1559
1560
1561
1563
1566
1569
1570
1571
1573
1574
1575
1577
1580
1583
1584
1585
1587
1588
1589
1591
1594
1597
1598
1599
1601
1602
1603
1605
1613
1615
1617
1627
1629
1631
1641
1643
1645
1655
1657
1659
1664
1667
1668
1669
1671
1672
1673
1675
1678
1681
1682
1683
1685
1686
1687
1689
1692
1695
1696
1697
1699
1700
1701
1703
1706
1709
1710
1711
1713
1714
1715
1717
1725
1727
1729
1739
1741
1743
1753
1755
1757
1767
1769
1771
1776
1779
1780
1781
1783
1784
1785
1787
1790
1793
1794
1795
1797
1798
1799
1801
1804
1807
1808
1809
1811
1812
1813
1815
1818
1821
1822
1823
1825
1826
1827
1829
1837
1839
1841
1851
1853
1855
1865
1867
1869
1879
1881
1883
1892
1899
1906
1913
1920
1927
1934
1941
1944
1947
1948
1949
1951
1952
1953
1955
1958
1961
1962
1963
1965
1966
1967
1969
1972
1975
1976
1977
1979
1980
1981
1983
1986
1989
1990
1991
1993
1994
1995
1997
2005
2007
2009
2019
2021
2023
2033
2035
2037
2047
2049
2051
263
853
209
677
1228
1640
434
302
855
1017
1031
256
1037
563
1069
859
252
995
552
805
415
250
823
1205
289
422
15
985
669
428
459
769
987
240
541
509
1299
1034
503
821
946
540
820
866
31
984
1079
803
1024
797
494
242
230
409
1016
986
