1427
1461
1426
1439
1462
1438
1425
1450
1451
1449
1463
1437
1474
1511
1473
1510
1486
1498
1484
1496
1497
1485
1499
574
575
616
617
618
619
1472
1509
1436
1487
1508
1448
1475
1460
1424
32901
32902
32903
32904
32905
32906
32907
32908
32909
32910
32911
32912
32913
32914
32915
32916
32917
32918
32919
32920
32921
32922
32923
32924
32925
32861
32862
32863
32864
32865
32866
32867
32868
32869
32870
32871
32872
32873
32874
32875
32876
32877
32878
32879
32880
852
851
13
1356
772
1354
394
261
974
363
274
383
342
386
737
388
392
1127
395
380
847
724
771
382
402
1298
972
367
390
381
1071
966
387
391
1296
968
361
775
970
1141
739
1155
344
340
336
389
355
330
357
393
1294
369
365
729
770
287
300
334
290
277
264
649
845
328
303
427
419
596
384
260
1263
583
417
244
1153
224
420
607
353
418
584
1262
397
273
507
401
960
359
1159
1076
203
286
513
1177
385
608
1254
1131
597
515
379
408
950
802
1125
11
814
378
414
411
1129
407
199
670
1154
1128
396
1176
1094
1157
1203
234
413
412
398
400
673
1093
1026
299
943
5
777
671
1104
517
465
1251
812
1156
864
490
1110
915
482
1392
1158
1
1108
399
868
1378
1107
492
857
488
1202
903
505
1082
952
873
959
405
816
1206
457
863
1027
874
463
425
207
1207
406
964
919
1109
892
1074
1095
440
1250
1029
886
1092
1091
795
867
818
595
962
539
948
870
1253
778
511
1181
954
254
1105
1126
1090
880
1022
876
888
550
890
990
1078
956
553
1355
1295
1376
1180
486
917
480
561
432
1252
878
779
467
531
1021
882
693
455
1030
424
1130
1402
594
29
1023
461
35
994
872
519
692
416
993
529
438
871
1400
1028
410
528
958
442
542
430
981
484
1036
1075
218
665
1025
530
884
27
564
825
7
220
980
